0000 0000 0200 0000 2f00 0104 0000 0001
0000 0000 0000 0002 0000 0000 0000 0004
0000 0000 0000 0006 0000 0000 0000 0001
0000 0004 0000 0065 7463 0001 0200 0000
0a00 0000 0000 0000 0e00 0000 0000 0000
0a00 0000 0600 0000 686f 7374 7300 00c8
0000 0001 0000 002c 0000 0000 0000 000e
0000 0009 0000 006e 6574 776f 726b 7300
0064 0000 0001 0000 0000 0000 0000 0000
0002 0000 0006 0000 0073 6861 7265 0001
0100 0000 0300 0000 0000 0000 0300 0000
0400 0000 6d61 6e00 0102 0000 000b 0000
0000 0000 000c 0000 0000 0000 000b 0000
0007 0000 0072 6561 642e 3200 002c 0100
0001 0000 002d 0000 0000 0000 000c 0000
0008 0000 0077 7269 7465 2e32 0000 9001
0000 0100 0000 2e00 0000 0000 0000 0400
0000 0400 0000 7661 7200 0101 0000 0005
0000 0000 0000 0005 0000 0004 0000 006c
6f67 0001 0300 0000 0700 0000 0000 0000
0800 0000 0000 0000 0900 0000 0000 0000
0700 0000 0800 0000 6d65 7373 6167 6500
0050 c300 000d 0000 0005 0000 0000 0000
0006 0000 0000 0000 0007 0000 0000 0000
0008 0000 0000 0000 0009 0000 0000 0000
000a 0000 0000 0000 000b 0000 0000 0000
000c 0000 0000 0000 000d 0000 0000 0000
000e 0000 0000 0000 000f 0000 0000 0000
0010 0000 0000 0000 0011 0000 0000 0000
0008 0000 0005 0000 0077 6172 6e00 0050
c300 000d 0000 0012 0000 0000 0000 0013
0000 0000 0000 0014 0000 0000 0000 0015
0000 0000 0000 0016 0000 0000 0000 0017
0000 0000 0000 0018 0000 0000 0000 0019
0000 0000 0000 001a 0000 0000 0000 001b
0000 0000 0000 001c 0000 0000 0000 001d
0000 0000 0000 001e 0000 0000 0000 0009
0000 0005 0000 0066 6169 6c00 0050 c300
000d 0000 001f 0000 0000 0000 0020 0000
0000 0000 0021 0000 0000 0000 0022 0000
0000 0000 0023 0000 0000 0000 0024 0000
0000 0000 0025 0000 0000 0000 0026 0000
0000 0000 0027 0000 0000 0000 0028 0000
0000 0000 0029 0000 0000 0000 002a 0000
0000 0000 002b 0000 0000 0000 0006 0000
0007 0000 006b 6572 6e65 6c00 0020 4e00
0005 0000 0000 0000 0000 0000 0001 0000
0000 0000 0002 0000 0000 0000 0003 0000
0000 0000 0004 0000 0000 0000 00